%YAML:1.0
database: !!opencv-sequence
   flags: "42990000"
   count: 87
   dt: "67i"
   data: [ 1120403456, 0, 0, 988665379, -1148796415, 991359370,
       999802618, -1136471223, 1006163483, 1017984927, 1020740447,
       1023331797, 1008770107, 1026906140, 1018676321, 1002029261,
       995871509, 1005642765, 998342479, 1001410532, -1155328875,
       1007583936, 1001654196, 1034457976, -1108934103, 1038175059,
       1040166961, 1053571269, 1033104541, 1055211334, 1043138529,
       -1136861226, -1138401499, 1011621104, 1009358022, 993828831,
       -1150142779, 1002673832, 1003764487, -1148048506, -1132043850,
       1028025310, 1025597685, 1057099262, -1138752945, 1057422485,
       1033115368, -1157989489, -1140983733, 999455179, 1007917304,
       -1187020656, -1173176079, 977028608, 984058073, 1002944880,
       991541943, 1006961415, 1000238741, 1031540262, 991599436,
       1031540262, 1012718727, 976046277, -1159728596, 976046277,
       987755052, -1027080192, 0, 0, -1151158271, -1177922585, 996325377,
       974558096, 1008935794, -1131618475, 1033701499, 1019970009,
       -1140033588, -1120126859, 1015080986, 1030843746, 982108664,
       -1155828271, 994033218, 1000679256, -1121300314, -1147098074,
       1026195227, 1002137740, 1040700931, -1165442040, 1057099330,
       1046302096, -1102447819, 1036363730, 1048954873, 1041159317,
       1027116103, 1007429192, 1027116103, 1020737271, -1113272771,
       -1135672288, 1034210877, 1020046348, -1127333920, -1138602507,
       1056370523, 1045218536, 1029446995, -1098343949, 1043103469,
       1051770890, 1019553559, 993771800, 1023056192, 1023621245,
       -1135172628, -1156820357, 1012311020, 995037900, -1130844029,
       1002071237, 1031884154, 1019588440, 1013422909, 1023410738,
       1024698492, 1024954889, 996870913, -1152822539, 999947695,
       999027934, 1120403456, 0, 0, 965241074, -1173206238, 981470405,
       995511178, -1122722355, 1008333778, 1027117268, 1016571812,
       1031362634, -1161869201, 1031362634, 1006000354, 984908317,
       -1186761268, 985014772, 972253488, -1150019565, -1150331370,
       1008575137, 1026620378, -1104858236, -1119746720, 1051696765,
       1045357918, 1053783000, -1112691171, 1053783000, 1046872687,
       1009221116, -1170318741, 1009406325, 991673016, -1149743171,
       1025315029, 1003860992, 1025664138, -1113072068, 1050444603,
       1042645576, 1050976708, 1043286851, 1047756753, 1044012460,
       1048466085, 1009814912, -1159772050, 1010171198, 989989222,
       -1225716002, -1165761767, 968995271, 983513721, 987754441,
       -1155298680, 1003119915, 1001495068, 982182804, -1156048515,
       995252598, 993622538, 989370755, -1176932303, 989956862,
       976811509, 1120403456, 0, 0, -1149526464, 979412121, 1004263442,
       996678841, 1014049862, 982493170, 1029841058, 1013125672,
       1022631718, -1159822720, 1023098918, 1003162172, 968953778,
       974176020, 978817019, 974806228, -1159997799, 1005938192,
       1025330661, 1018009844, -1108451266, -1112230064, 1048971558,
       1048614211, 1052143330, -1108292513, 1052269024, 1041794053,
       970746493, 963048256, 1001771322, 989961710, -1135428829,
       1016874448, 1021099957, 1026503251, -1110802515, 1052038717,
       1045166717, 1052263599, 1049136599, 1044788565, 1049911290,
       1045875120, -1157498266, -1162725637, 1006314335, 1003604921,
       -1170276289, -1184923231, 981139156, 985178419, 969031893,
       -1164493450, 998923583, 1000071464, -1124406052, -1127222589,
       1023077596, 1021254487, 996503790, -1139089540, 1000604160,
       1008796019, 1120403456, 0, 0, 964140688, 968883802, 984559783,
       1002837355, -1126285526, 989409207, 1025228751, 1020290189,
       1027376572, 1002220214, 1028885758, 1017400489, 987244709,
       -1203275664, 987244709, 965515238, 989433294, 974775943,
       1001364924, 1024249459, -1102502271, -1113010364, 1049019365,
       1048906466, 1051326592, -1123161782, 1051326592, 1041996240,
       1007922146, 971161673, 1009049920, 992688340, -1149397354,
       -1184178666, 1008089852, 1026332934, -1099947613, 1019370077,
       1051641690, 1040288498, 1054248007, 1032093137, 1054248007,
       1034438843, 1008303336, 980228973, 1011449757, 993655820,
       959335778, -1148720007, 981825303, 1002536302, -1127149255,
       -1131984027, 1027010985, 1021298688, 1031361074, -1161656082,
       1031361074, 1010990110, 983371069, -1193923029, 984433505,
       968358427, 1120403456, 0, 0, -1170301337, -1179731150, 990890755,
       1000107647, -1126536131, -1178865699, 1028727928, 1014298258,
       1031804729, 1000700277, 1031804729, 1009778199, 989078154,
       942219061, 989294829, 971006479, 973862770, 1023517651,
       1010775095, 1025766391, -1104023719, 1033910071, 1050341758,
       1046079270, 1053619253, -1136136590, 1053619253, 1043544131,
       1011344317, -1163533262, 1011344317, 996851644, 997225172,
       -1145363387, 1007588476, 1027178764, -1102655500, 1010316470,
       1049737292, 1049696077, 1050958260, -1168314313, 1050958260,
       1045222173, 1010119538, 981754182, 1010245612, 999919876,
       -1178402324, -1153678088, 983443091, 1002024991, -1120678011,
       -1187771481, 1030096944, 1017893346, 1031246306, 999416185,
       1031314918, 1017099328, 987689430, 952211729, 987877506,
       970026941, -1027080192, 0, 0, 985525020, -1164694753, 998139009,
       995253791, 1023259717, -1145554764, 1026160918, 1014781524,
       1022234358, 1007942105, 1026292472, 1013053592, -1163913999,
       994925680, 994703130, 996486420, 1016435811, -1158240605,
       1023037119, 1032239559, 1042518355, 1037412211, 1048988414,
       1050037286, 1040497196, 1033637771, 1045131036, 1043409753,
       1007935636, -1140212429, 1008809664, 1009795883, 1013240478,
       1027374640, 1026707720, 1028370564, 1049277621, 1034415942,
       1056520966, 1050192310, -1103496881, -1102790884, 1048929444,
       1052984683, 1026597223, -1128868973, 1026597223, 1023556328,
       -1165336903, 987479635, 982899276, 987538326, -1146705494,
       1015598244, 1006919760, 1015598244, -1129609755, 1023216847,
       1019750887, 1023216847, 998557262, 994011776, 998592524,
       994149568, 1120403456, 0, 0, -1156526312, -1148760081, 995507195,
       1001737527, -1170098471, -1140649952, 1027205416, 1018298474,
       1027499187, 1003526172, 1027816482, 1017401756, 984328604,
       952957987, 984328604, 970823257, -1137060139, 1023964462,
       1014802290, 1025703932, -1113403477, 1024973875, 1050235265,
       1042547057, 1053618192, 1007755124, 1053618192, 1037553023,
       1009359051, 975965027, 1009359051, 990420171, -1144067674,
       -1131824612, 1011035274, 1020829036, -1105161321, -1141946794,
       1050775655, 1046108832, 1054179872, -1144251174, 1054179872,
       1033541609, 1009041490, 979325503, 1009138543, 991612057,
       969138478, 1001192834, 984675252, 1003118971, -1128865376,
       1014577958, 1025132486, 1017852259, 1030768605, 1011628255,
       1030768605, 1015422257, 982777703, 959066607, 983234450,
       967770879, -1027080192, 0, 0, 997621305, -1182699043, 1002068129,
       988843002, 1027481595, -1178922823, 1034179524, 1017231254,
       1015835446, 990896674, 1015943457, 995520103, 981563568,
       974595909, 990161578, 982205414, 986342914, 1018598949,
       1020583400, 1023683357, 1048866909, 1043978714, 1056519961,
       1050304042, 1039025704, 1008094677, 1039025704, 1019620800,
       -1139894960, -1142959536, 1017141539, 1008867119, -1130311433,
       -1130802651, 1027279972, 1024713118, 1051251738, -1103011930,
       1057403251, 1049063371, 1038005033, -1151992676, 1038005033,
       1015343834, -1126860328, -1170616002, 1024625225, 1007062474,
       -1154316935, 991900514, 1004834236, 996771408, 1027836999,
       -1143863328, 1034927601, 1019395843, 1014882690, -1164813419,
       1014882690, 1000692721, -1163049647, 983250461, 994486321,
