%YAML:1.0
database: !!opencv-sequence
   flags: "42990000"
   count: 87
   dt: "7i"
   data: [ 1134118465, 1126348755, -1216062959, 1101821081, 0, 128,
       1318599358, 1125454759, 1126698878, -1216062960, 1119426928, 0,
       128, 1318599358, 1120408093, 1126844149, -1216062962, 1132597448,
       0, 128, 1318599358, 1128952009, 1126892562, -1216062960,
       1132479314, 0, 128, 1318599358, 1123276124, 1126981435,
       -1216062960, 1132910669, 0, 128, 1318599358, 1124371303,
       1127023123, -1216062961, 1132703515, 0, 128, 1318599358,
       1127135356, 1126994962, -1216062963, 1092952662, 0, 128,
       1318599358, 1125463233, 1127163225, -1216062960, 1132818508, 0,
       128, 1318599358, 1123959588, 1127390146, -1216062961, 1132804038,
       0, 128, 1318599358, 1118073632, 1125070726, -1216062955,
       1126949877, 0, 128, 1318599358, 1132892354, 1125543786,
       -1216062951, 1132049613, 0, 128, 1318599358, 1120970159,
       1125948091, -1216062954, 1126178624, 0, 128, 1318599358,
       1133246187, 1125988989, -1216062954, 1126382672, 0, 128,
       1318599358, 1125004669, 1126238878, -1216062955, 1118586208, 0,
       128, 1318599358, 1126028811, 1126379072, -1216062955, 1118385368,
       0, 128, 1318599358, 1121999047, 1126418735, -1216062956,
       1118652801, 0, 128, 1318599358, 1124252524, 1126521291,
       -1216062953, 1120367409, 0, 128, 1318599358, 1127637433,
       1126534855, -1216062953, 1135411724, 0, 128, 1318599358,
       1124597093, 1127046276, -1216062955, 1132768714, 0, 128,
       1318599358, 1127647821, 1127316894, -1216062956, 1112248935, 0,
       128, 1318599358, 1118366065, 1125283081, -1216062947, 1126706317,
       0, 128, 1318599358, 1132842591, 1125583818, -1216062943,
       1132275218, 0, 128, 1318599358, 1133288204, 1126223852,
       -1216062944, 1126469323, 0, 128, 1318599358, 1127840894,
       1126552003, -1216062946, 1115676224, 0, 128, 1318599358,
       1124899910, 1126903409, -1216062946, 1132722897, 0, 128,
       1318599358, 1132725986, 1129304333, -1216062943, 1126803116, 0,
       128, 1318599358, 1129244107, 1126322627, -1216062933, 1119368453,
       0, 128, 1318599358, 1131360819, 1126518224, -1216062933,
       1119158969, 0, 128, 1318599358, 1133352174, 1126489677,
       -1216062932, 1126635834, 0, 128, 1318599358, 1132661059,
       1129127051, -1216062932, 1126746037, 0, 128, 1318599358,
       1128682157, 1125362591, -1216062914, 1132421004, 0, 128,
       1318599358, 1132590679, 1125748811, -1216062913, 1126914437, 0,
       128, 1318599358, 1121760864, 1126308474, -1216062911, 1118477630,
       0, 128, 1318599358, 1126104501, 1126579813, -1216062899,
       1118146625, 0, 128, 1318599358, 1119702989, 1096477675,
       -1216476656, 1133269838, 1, 128, 1318601172, 1125123819,
       1105766027, -1216476659, 1118224159, 1, 128, 1318601172,
       1126330889, 1106698607, -1216476656, 1117356453, 1, 128,
       1318601172, 1134157477, 1106733468, -1216476657, 1120969121, 1,
       128, 1318601172, 1123720310, 1107878648, -1216476656, 1119409010,
       1, 128, 1318601172, 1124666217, 1108219259, -1216476655,
       1118449792, 1, 128, 1318601172, 1125533219, 1108483322,
       -1216476655, 1118672944, 1, 128, 1318601172, 1124180044,
       1109434677, -1216476656, 1119986032, 1, 128, 1318601172,
       1126870442, 1110526797, -1216476658, 1121058699, 1, 128,
       1318601172, 1127842281, 1110853119, -1216476657, 1118156085, 1,
       128, 1318601172, 1124264657, 1111093666, -1216476656, 1132839423,
       1, 128, 1318601172, 1121788061, 1112545370, -1216476657,
       1134188145, 1, 128, 1318601172, 1124585837, 1112640830,
       -1216476656, 1132841891, 1, 128, 1318601172, 1128378899,
       1112867171, -1216476659, 1132695331, 1, 128, 1318601172,
       1130011036, 1113563289, -1216476655, 1132657551, 1, 128,
       1318601172, 1130819853, 1113984840, -1216476657, 1132776554, 1,
       128, 1318601172, 1123345636, 1104263362, -1216476650, 1118869982,
       1, 128, 1318601172, 1126578362, 1109183345, -1216476653,
       1118801518, 1, 128, 1318601172, 1122853920, 1109778639,
       -1216476649, 1126748547, 1, 128, 1318601172, 1127037110,
       1111747946, -1216476649, 1132693147, 1, 128, 1318601172,
       1130053458, 1112880444, -1216476652, 1132752940, 1, 128,
       1318601172, 1131612926, 1113142812, -1216476649, 1135110359, 1,
       128, 1318601172, 1126117085, 1105519628, -1216476642, 1118068487,
       1, 128, 1318601172, 1125957069, 1111084326, -1216476642,
       1132887028, 1, 128, 1318601172, 1127150539, 1111573524,
       -1216476644, 1132741098, 1, 128, 1318601172, 1129135310,
       1112346445, -1216476642, 1132777655, 1, 128, 1318601172,
       1131577086, 1113299507, -1216476646, 1132982506, 1, 128,
       1318601172, 1125123819, 1105766027, -1263668211, 1118224159, 2,
       -1261502336, 1318601198, 1126330889, 1106698607, -1263668208,
       1117356453, 2, -1261502336, 1318601198, 1134157477, 1106733468,
       -1263668209, 1120969121, 2, -1261502336, 1318601198, 1123720310,
       1107878648, -1263668208, 1119409010, 2, -1261502336, 1318601198,
       1124666217, 1108219259, -1263668207, 1118449792, 2, -1261502336,
       1318601198, 1125533219, 1108483322, -1263668207, 1118672944, 2,
       -1261502336, 1318601198, 1124180044, 1109434677, -1263668208,
       1119986032, 2, -1261502336, 1318601198, 1126870442, 1110526797,
       -1263668210, 1121058699, 2, -1261502336, 1318601198, 1127842281,
       1110853119, -1263668209, 1118156085, 2, -1261502336, 1318601198,
       1124264657, 1111093666, -1263668208, 1132839423, 2, -1261502336,
       1318601198, 1121788061, 1112545370, -1263668209, 1134188145, 2,
       -1261502336, 1318601198, 1124585837, 1112640830, -1263668208,
       1132841891, 2, -1261502336, 1318601198, 1128378899, 1112867171,
       -1263668211, 1132695331, 2, -1261502336, 1318601198, 1130011036,
       1113563289, -1263668207, 1132657551, 2, -1261502336, 1318601198,
       1130819853, 1113984840, -1263668209, 1132776554, 2, -1261502336,
       1318601198, 1123345636, 1104263362, -1263668202, 1118869982, 2,
       -1261502336, 1318601198, 1126578362, 1109183345, -1263668205,
       1118801518, 2, -1261502336, 1318601198, 1122853920, 1109778639,
       -1263668201, 1126748547, 2, -1261502336, 1318601198, 1127037110,
       1111747946, -1263668201, 1132693147, 2, -1261502336, 1318601198,
       1130053458, 1112880444, -1263668204, 1132752940, 2, -1261502336,
       1318601198, 1131612926, 1113142812, -1263668201, 1135110359, 2,
       -1261502336, 1318601198, 1126117085, 1105519628, -1263668194,
       1118068487, 2, -1261502336, 1318601198, 1125957069, 1111084326,
       -1263668194, 1132887028, 2, -1261502336, 1318601198, 1127150539,
       1111573524, -1263668196, 1132741098, 2, -1261502336, 1318601198,
       1129135310, 1112346445, -1263668194, 1132777655, 2, -1261502336,
       1318601198, 1131577086, 1113299507, -1263668198, 1132982506, 2,
       -1261502336, 1318601198 ]
